1948
873
535
767
176
18
5
108
349
230
370
52
774
101
900
297
313
332
903
740
287
747
639
8
872
490
307
73
568
96
51
865
887
158
550
697
39
30
376
497
843
129
911
390
185
87
846
968
492
313
812
393
264
706
771
970
475
710
969
404
780
584
457
686
984
432
634
356
828
229
322
848
522
930
66
723
246
422
422
643
62
932
706
672
103
352
971
781
619
765
495
55
979
579
971
899
821
282
97
836
775
5184
3233
4971
4576
515
5017
3007
9734
4089
5373
7226
1836
8319
1073
1164
2513
910
5303
8228
1044
2058
1745
2461
3533
2117
4364
6788
7355
2454
2943
9144
8693
267
711
442
644
5141
9067
7430
5036
6308
719
5993
1726
457
1511
3066
5896
7467
1096
9578
197
1077
5177
6377
1437
3638
3033
5867
5794
603
6483
7440
1100
3649
3698
8758
4206
678
1313
3013
5017
3878
9560
1651
4834
1145
6845
767
2562
1143
2827
4840
3910
92
2535
5920
7502
2103
3760
4011
8368
8374
8241
5670
7764
7879
2171
6229
6712
7751
6817
3547
2769
8006
7709
3417
9322
6508
1112
6994
1154
5747
9124
8238
6856
1661
6734
206
1675
8756
5024
3480
346
798
4904
882
6258
4503
6105
1010
1678
1432
5916
3471
2920
4344
4114
2474
7092
7756
1355
2319
8041
2540
3201
3970
2579
3581
8849
5211
3690
8195
8767
7336
2061
8384
4370
78
857
6889
9401
1483
9238
4739
2015
2131
4411
4174
1723
8601
3260
987
3476
5288
9690
3272
190
1160
1519
690
1750
1818
582
1792
3152
9069
1237
7866
5892
2987
1946
5420
13
1908
2263
5640
1390
2490
2837
